8
2
22
97
34144

2
22
97
38
162184

22
97
38
15
1216380

97
38
15
0
0

38
15
0
40
0

15
0
40
0
0

0
40
0
75
0

40
0
75
4
0

0
75
4
5
0

75
4
5
7
10500

4
5
7
78
10920

5
7
78
52
141960

7
78
52
12
340704

78
52
12
50
2433600

52
12
50
77
2402400

12
50
77
91
4204200

50
77
91
8
2802800

49
49
99
40
9507960

49
99
40
17
3298680

99
40
17
81
5452920

40
17
81
18
991440

17
81
18
57
1412802

81
18
57
60
4986360

18
57
60
87
5355720

57
60
87
17
5058180

60
87
17
40
3549600

87
17
40
98
5797680

17
40
98
43
2865520

40
98
43
69
11630640

98
43
69
48
13956768

43
69
48
4
569664

69
48
4
56
741888

48
4
56
62
666624

4
56
62
0
0

81
49
31
73
8981847

49
31
73
55
6098785

31
73
55
79
9832735

73
55
79
14
4440590

55
79
14
29
1764070

79
14
29
93
2982882

14
29
93
71
2680818

29
93
71
40
7659480

93
71
40
67
17696040

71
40
67
53
10084840

40
67
53
88
12499520

67
53
88
30
9374640

53
88
30
3
419760

88
30
3
49
388080

30
3
49
13
57330

3
49
13
36
68796

49
13
36
65
1490580

52
70
95
23
7953400

70
95
23
4
611800

95
23
4
60
524400

23
4
60
11
60720

4
60
11
42
110880

60
11
42
69
1912680

11
42
69
24
765072

42
69
24
68
4729536

69
24
68
56
6306048

24
68
56
1
91392

68
56
1
32
121856

56
1
32
56
100352

1
32
56
71
127232

32
56
71
37
4707584

56
71
37
2
294224

71
37
2
36
189144

37
2
36
91
242424

22
31
16
71
774752

31
16
71
51
1796016

16
71
51
67
3881712

71
51
67
63
15284241

51
67
63
89
19159119

67
63
89
41
15402429

63
89
41
92
21149604

89
41
92
36
12085488

41
92
36
54
7332768

92
36
54
22
3934656

36
54
22
40
1710720

54
22
40
40
1900800

22
40
40
28
985600

40
40
28
66
2956800

40
28
66
33
2439360

28
66
33
13
792792

66
33
13
80
2265120

24
47
32
60
2165760

47
32
60
99
8933760

32
60
99
3
570240

60
99
3
45
801900

99
3
45
2
26730

3
45
2
44
11880

45
2
44
75
297000

2
44
75
33
217800

44
75
33
53
5771700

75
33
53
78
10231650

33
53
78
36
4911192

53
78
36
84
12501216

78
36
84
20
4717440

36
84
20
35
2116800

84
20
35
17
999600

20
35
17
12
142800

35
17
12
50
357000

32
98
81
28
7112448

98
81
28
64
14224896

81
28
64
23
3338496

28
64
23
67
2761472

64
23
67
10
986240

23
67
10
26
400660

67
10
26
38
661960

10
26
38
40
395200

26
38
40
67
2647840

38
40
67
59
6008560

40
67
59
54
8538480

67
59
54
70
14942340

59
54
70
66
14719320

54
70
66
18
4490640

70
66
18
38
3160080

66
18
38
64
2889216

18
38
64
70
3064320

67
26
20
68
2369120

26
20
68
2
70720

20
68
2
62
168640

68
2
62
12
101184

2
62
12
20
29760

62
12
20
95
1413600

12
20
95
63
1436400

20
95
63
94
11251800

95
63
94
39
21941010

63
94
39
63
14550354

94
39
63
8
1847664

39
63
8
40
786240

63
8
40
91
1834560

8
40
91
66
1921920

40
91
66
49
11771760

91
66
49
94
27663636

66
49
94
21
6383916

24
55
58
5
382800

55
58
5
66
1052700

58
5
66
73
1397220

5
66
73
99
2384910

66
73
99
26
12401532

73
99
26
97
18226494

99
26
97
17
4244526

26
97
17
78
3344172

97
17
78
78
10032516

17
78
78
96
9929088

78
78
96
83
48477312

78
96
83
14
8701056

96
83
14
88
9816576

83
14
88
34
3476704

14
88
34
89
3728032

88
34
89
63
16776144

34
89
63
72
13725936

21
36
23
9
156492

36
23
9
75
558900

23
9
75
0
0

9
75
0
76
0

75
0
76
44
0

0
76
44
20
0

76
44
20
45
3009600

44
20
45
35
1386000

20
45
35
14
441000

45
35
14
0
0

35
14
0
61
0

14
0
61
33
0

0
61
33
97
0

61
33
97
34
6638874

33
97
34
31
3373854

97
34
31
33
3373854

34
31
33
95
3304290

78
17
53
28
1967784

17
53
28
22
555016

53
28
22
75
2448600

28
22
75
31
1432200

22
75
31
67
3427050

75
31
67
15
2336625

31
67
15
94
2928570

67
15
94
3
283410

15
94
3
80
338400

94
3
80
4
90240

3
80
4
62
59520

80
4
62
16
317440

4
62
16
14
55552

62
16
14
9
124992

16
14
9
53
106848

14
9
53
56
373968

9
53
56
92
2457504

16
39
5
42
131040

39
5
42
96
786240

5
42
96
35
705600

42
96
35
31
4374720

96
35
31
47
4895520

35
31
47
55
2804725

31
47
55
58
4647830

47
55
58
88
13193840

55
58
88
24
6737280

58
88
24
0
0

88
24
0
17
0

24
0
17
54
0

0
17
54
24
0

17
54
24
36
793152

54
24
36
29
1353024

24
36
29
85
2129760

36
29
85
57
5058180

86
56
0
48
0

56
0
48
35
0

0
48
35
71
0

48
35
71
89
10615920

35
71
89
7
1548155

71
89
7
5
221165

89
7
5
44
137060

7
5
44
44
67760

5
44
44
37
358160

44
44
37
44
3151808

44
37
44
60
4297920

37
44
60
21
2051280

44
60
21
58
3215520

60
21
58
51
3727080

21
58
51
54
3354372

58
51
54
17
2715444

51
54
17
58
2715444

19
80
81
68
8372160

80
81
68
5
2203200

81
68
5
94
2588760

68
5
94
47
1502120

5
94
47
69
1524210

94
47
69
28
8535576

47
69
28
73
6628692

69
28
73
92
12975312

28
73
92
13
2444624

73
92
13
86
7508488

92
13
86
52
5348512

13
86
52
17
988312

86
52
17
77
5853848

52
17
77
4
272272

17
77
4
89
466004

77
4
89
55
1507660

4
89
55
40
783200

4
52
8
83
138112

52
8
83
97
3349216

8
83
97
35
2254280

83
97
35
99
27896715

97
35
99
16
5377680

35
99
16
7
388080

99
16
7
97
1075536

16
7
97
57
619248

7
97
57
32
1238496

97
57
32
16
2830848

57
32
16
26
758784

32
16
26
26
346112

16
26
26
79
854464

26
26
79
33
1762332

26
79
33
27
1830114

79
33
27
98
6898122

33
27
98
66
5762988

88
36
68
87
18741888

36
68
87
57
12139632

68
87
57
62
20907144

87
57
62
20
6149160

57
62
20
72
5088960

62
20
72
3
267840

20
72
3
46
198720

72
3
46
33
327888

3
46
33
67
305118

46
33
67
46
4678476

33
67
46
55
5593830

67
46
55
12
2034120

46
55
12
32
971520

55
12
32
63
1330560

12
32
63
93
2249856

32
63
93
53
9936864

63
93
53
69
21426363

4
42
16
73
196224

42
16
73
38
1864128

16
73
38
25
1109600

73
38
25
39
2704650

38
25
39
11
407550

25
39
11
24
257400

39
11
24
94
967824

11
24
94
72
1786752

24
94
72
18
2923776

94
72
18
8
974592

72
18
8
46
476928

18
8
46
29
192096

8
46
29
32
341504

46
29
32
40
1707520

29
32
40
62
2301440

32
40
62
76
6031360

40
62
76
36
6785280

20
69
36
41
2036880

69
36
41
72
7332768

36
41
72
30
3188160

41
72
30
23
2036880

72
30
23
88
4371840

30
23
88
34
2064480

23
88
34
62
4266592

88
34
62
99
18364896

34
62
99
69
14399748

62
99
69
82
34728804

99
69
82
67
37529514

69
82
67
59
22366074

82
67
59
85
27552410

67
59
85
74
24864370

59
85
74
4
1484440

85
74
4
36
905760

74
4
36
16
170496

20
73
35
29
1481900

73
35
29
78
5779410

35
29
78
31
2454270

29
78
31
90
6310980

78
31
90
1
217620

31
90
1
74
206460

90
1
74
31
206460

1
74
31
49
112406

74
31
49
71
7980826

31
49
71
48
5176752

49
71
48
86
14361312

71
48
86
81
23740128

48
86
81
16
5349888

86
81
16
23
2563488

81
16
23
57
1699056

16
23
57
5
104880

23
57
5
54
353970

1
70
54
71
268380

70
54
71
83
22275540

54
71
83
51
16229322

71
83
51
54
16229322

83
51
54
69
15772158

51
54
69
16
3040416

54
69
16
92
5484672

69
16
92
33
3351744

16
92
33
48
2331648

92
33
48
61
8889408

33
48
61
43
4154832

48
61
43
52
6547008

61
43
52
1
136396

43
52
1
89
199004

52
1
89
19
87932

1
89
19
67
113297

89
19
67
48
5438256

