8
49
31
23
279496

2
99
73
4
57816

22
40
55
60
2904000

97
17
79
11
1432981

38
81
14
42
1809864

15
18
29
69
540270

0
57
93
24
0

40
60
71
68
11587200

0
87
40
56
0

75
17
67
1
85425

4
40
53
32
271360

5
98
88
56
2414720

7
43
30
71
641130

78
69
3
37
597402

52
48
49
2
244608

12
4
13
36
22464

50
56
36
91
9172800

49
49
95
71
16194745

49
31
23
51
1781787

99
73
4
67
1936836

40
55
60
63
8316000

17
79
11
89
1314797

81
14
42
41
1952748

18
29
69
92
3313656

57
93
24
36
4580064

60
71
68
54
15642720

87
40
56
22
4287360

17
67
1
40
45560

40
53
32
40
2713600

98
88
56
28
13522432

43
30
71
66
6044940

69
3
37
33
252747

48
49
2
13
61152

4
13
36
80
149760

81
70
16
60
5443200

49
95
71
99
32719995

31
23
51
3
109089

73
4
67
45
880380

55
60
63
2
415800

79
11
89
44
3403004

14
42
41
75
1808100

29
69
92
33
6075036

93
24
36
53
4258656

71
68
54
78
20335536

40
56
22
36
1774080

67
1
40
84
225120

53
32
40
20
1356800

88
56
28
35
4829440

30
71
66
17
2389860

3
37
33
12
43956

49
2
13
50
63700

52
31
32
28
1444352

70
16
60
64
4300800

95
71
99
23
15358365

23
51
3
67
235773

4
67
45
10
120600

60
63
2
26
196560

11
89
44
38
1636888

42
41
75
40
5166000

69
92
33
67
14035428

24
36
53
59
2701728

68
54
78
54
15466464

56
22
36
70
3104640

1
40
84
66
221760

32
40
20
18
460800

56
28
35
38
2085440

71
66
17
64
5098368

37
33
12
70
1025640

22
47
81
68
5695272

31
32
28
2
55552

16
60
64
62
3809280

71
99
23
12
1940004

51
3
67
20
205020

67
45
10
95
2864250

63
2
26
63
206388

89
44
38
94
13987952

41
75
40
39
4797000

92
33
67
63
12814956

36
53
59
8
900576

54
78
54
40
9097920

22
36
70
91
5045040

40
84
66
66
14636160

40
20
18
49
705600

28
35
38
94
3500560

66
17
64
21
1507968

24
98
20
5
235200

47
81
68
66
17085816

32
28
2
73
130816

60
64
62
99
23569920

99
23
12
26
710424

3
67
20
97
389940

45
10
95
17
726750

2
26
63
78
255528

44
38
94
78
12259104

75
40
39
96
11232000

33
67
63
83
11561319

53
59
8
14
350224

78
54
40
88
14826240

36
70
91
34
7796880

84
66
66
89
32565456

20
18
49
63
1111320

35
38
94
72
9001440

32
26
58
9
434304

98
20
5
75
735000

81
68
66
0
0

28
2
73
76
310688

64
62
99
44
17284608

23
12
26
20
143520

67
20
97
45
5849100

10
95
17
35
565250

26
63
78
14
1788696

38
94
78
0
0

40
39
96
61
9135360

67
63
83
33
11561319

59
8
14
97
640976

54
40
88
34
6462720

70
91
34
31
6713980

66
66
89
33
12793572

18
49
63
95
5278770

67
55
23
28
2373140

26
58
9
22
298584

20
5
75
75
562500

68
66
0
31
0

2
73
76
67
743432

62
99
44
15
4051080

12
26
20
94
586560

20
97
45
3
261900

95
17
35
80
4522000

63
78
14
4
275184

94
78
0
62
0

39
96
61
16
3654144

63
83
33
14
2415798

8
14
97
9
97776

40
88
34
53
6343040

91
34
31
56
5371184

66
89
33
92
17833464

24
36
53
42
1923264

55
23
28
96
3400320

58
9
22
35
401940

5
75
75
31
871875

66
0
31
47
0

73
76
67
55
20444380

99
44
15
58
3789720

26
20
94
88
4301440

97
45
3
24
314280

17
35
80
0
0

78
14
4
17
74256

78
0
62
54
0

96
61
16
24
2248704

83
33
14
36
1380456

14
97
9
29
354438

88
34
53
85
13478960

34
31
56
57
3364368

21
17
5
48
85680

36
53
42
35
2804760

23
28
96
71
4389504

9
22
35
89
616770

75
75
31
7
1220625

0
31
47
5
0

76
67
55
44
12322640

44
15
58
44
1684320

20
94
88
37
6121280

45
3
24
44
142560

35
80
0
60
0

14
4
17
21
19992

0
62
54
58
0

61
16
24
51
1194624

33
14
36
54
898128

97
9
29
17
430389

34
53
85
58
8883860

78
39
0
68
0

17
5
48
5
20400

53
42
35
94
7323540

28
96
71
47
8969856

22
35
89
69
4728570

75
31
7
28
455700

31
47
5
73
531805

67
55
44
92
14916880

15
58
44
13
497640

94
88
37
86
26321504

3
24
44
52
164736

80
0
60
17
0

4
17
21
77
109956

62
54
58
4
776736

16
24
51
89
1742976

14
36
54
55
1496880

9
29
17
40
177480

16
56
81
83
6023808

39
0
68
97
0

5
48
5
35
42000

42
35
94
99
13679820

96
71
47
16
5125632

35
89
69
7
1504545

31
7
28
97
589372

47
5
73
57
977835

55
44
92
32
7124480

58
44
13
16
530816

88
37
86
26
7280416

24
44
52
26
1427712

0
60
17
79
0

17
21
77
33
907137

54
58
4
27
338256

24
51
89
98
10675728

36
54
55
66
7056720

86
80
8
87
4788480

56
81
83
57
21459816

0
68
97
62
0

48
5
35
20
168000

35
94
99
72
23451120

71
47
16
3
160176

89
69
7
46
1977402

7
28
97
33
627396

5
73
57
67
1393935

44
92
32
46
5958656

44
13
16
55
503360

37
86
26
12
992784

44
52
26
32
1903616

60
17
79
63
5076540

21
77
33
93
4962573

58
4
27
53
331992

51
89
98
69
30692718

19
52
68
73
4904432

80
8
87
38
2115840

81
83
57
25
9580275

68
97
62
39
15949128

5
35
20
11
38500

94
99
72
24
16080768

47
16
3
94
212064

69
7
46
72
1599696

28
97
33
18
1613304

73
57
67
8
2230296

92
32
46
46
6229504

13
16
55
29
331760

86
26
12
32
858624

52
26
32
40
1730560

17
79
63
62
5245758

77
33
93
76
17959788

4
27
53
36
206064

4
36
16
41
94464

52
68
73
72
18585216

8
87
38
30
793440

83
57
25
23
2720325

97
62
39
88
20640048

35
20
11
34
261800

99
72
24
62
10606464

16
3
94
99
446688

7
46
72
69
1599696

97
33
18
82
4724676

57
67
8
67
2046984

32
46
46
59
3995008

16
55
29
85
2169200

26
12
32
74
738816

26
32
40
4
133120

79
63
62
36
11108664

33
93
76
16
3731904

88
42
36
29
3858624

36
16
41
78
1842048

68
73
72
31
11079648

87
38
30
90
8926200

57
25
23
1
32775

62
39
88
74
15746016

20
11
34
31
231880

72
24
62
49
5249664

3
94
99
71
1982178

46
72
69
48
10969344

33
18
82
86
4188888

67
8
67
81
2908872

46
46
59
16
1997504

55
29
85
23
3118225

12
32
74
57
1619712

32
40
4
5
25600

63
62
36
54
7593264

4
69
35
71
685860

42
36
29
83
3639384

16
41
78
51
2609568

73
72
31
54
8798544

38
30
90
69
7079400

25
23
1
16
9200

39
88
74
92
23365056

11
34
31
33
382602

24
62
49
48
3499776

94
99
71
61
40304286

72
69
48
43
10253952

18
82
86
52
6600672

8
67
81
1
43416

46
59
16
89
3864736

29
85
23
19
1077205

32
74
57
67
9043392

40
4
5
48
38400

