97
99
49
52
24468444

38
40
31
70
3298400

15
17
73
95
1768425

0
81
55
23
0

40
18
79
4
227520

0
57
14
60
0

75
60
29
11
1435500

4
87
93
42
1359288

5
17
71
69
416415

7
40
40
24
268800

78
98
67
68
34826064

52
43
53
56
6636448

12
69
88
1
72864

50
48
30
32
2304000

77
4
3
56
51744

91
56
49
71
17728984

8
62
13
37
238576

40
31
70
22
1909600

17
73
95
31
3654745

81
55
23
16
1639440

18
79
4
71
403848

57
14
60
51
2441880

60
29
11
67
1282380

87
93
42
63
21408786

17
71
69
89
7412187

40
40
24
41
1574400

98
67
68
92
41076896

43
53
56
36
4594464

69
88
1
54
327888

48
30
32
22
1013760

4
3
56
40
26880

56
49
71
40
7792960

62
13
37
28
835016

0
36
2
66
0

73
95
31
24
5159640

55
23
16
47
951280

79
4
71
32
717952

14
60
51
60
2570400

29
11
67
99
2115927

93
42
63
3
738234

71
69
89
45
19620495

40
24
41
2
78720

67
68
92
44
18442688

53
56
36
75
8013600

88
1
54
33
156816

30
32
22
53
1119360

3
56
40
78
524160

49
71
40
36
5009760

13
37
28
84
1131312

36
2
66
20
95040

65
36
33
35
2702700

23
16
47
32
553472

4
71
32
98
890624

60
51
60
81
14871600

11
67
99
28
2042964

42
63
3
64
508032

69
89
45
23
6355935

24
41
2
67
131856

68
92
44
10
2752640

56
36
75
26
3931200

1
54
33
38
67716

32
22
53
40
1492480

56
40
78
67
11706240

71
40
36
59
6032160

37
28
84
54
4699296

2
66
20
70
184800

36
33
35
66
2744280

91
13
17
18
361998

71
32
98
67
14917952

51
60
81
26
6444360

67
99
28
20
3714480

63
3
64
68
822528

89
45
23
2
184230

41
2
67
62
340628

92
44
10
12
485760

36
75
26
20
1404000

54
33
38
95
6433020

22
53
40
63
2938320

40
78
67
94
19649760

40
36
59
39
3313440

28
84
54
63
8001504

66
20
70
8
739200

33
35
66
40
3049200

13
17
18
91
361998

80
12
38
66
2407680

60
81
26
24
3032640

99
28
20
55
3049200

3
64
68
58
757248

45
23
2
5
10350

2
67
62
66
548328

44
10
12
73
385440

75
26
20
99
3861000

33
38
95
26
3097380

53
40
63
97
12955320

78
67
94
17
8351148

36
59
39
78
6461208

84
54
63
78
22289904

20
70
8
96
1075200

35
66
40
83
7669200

17
18
91
14
389844

12
38
66
88
2648448

50
64
49
34
5331200

28
20
55
21
646800

64
68
58
36
9086976

23
2
5
23
5290

67
62
66
9
2467476

10
12
73
75
657000

26
20
99
0
0

38
95
26
76
7133360

40
63
97
44
10755360

67
94
17
20
2141320

59
39
78
45
8076510

54
63
78
35
9287460

70
8
96
14
752640

66
40
83
0
0

18
91
14
61
1398852

38
66
88
33
7283232

64
49
34
97
10342528

70
94
89
34
19911080

68
58
36
78
11074752

2
5
23
17
3910

62
66
9
53
1951884

12
73
75
28
1839600

20
99
0
22
0

95
26
76
75
14079000

63
97
44
31
8335404

94
17
20
67
2141320

39
78
45
15
2053350

63
78
35
94
16167060

8
96
14
3
32256

40
83
0
80
0

91
14
61
4
310856

66
88
33
62
11883168

49
34
97
16
2585632

94
89
34
14
3982216

21
63
31
9
369117

5
23
17
16
31280

66
9
53
39
1227798

73
75
28
5
766500

99
0
22
42
0

26
76
75
96
14227200

97
44
31
35
4630780

17
20
67
31
706180

78
45
15
47
2474550

78
35
94
55
14114100

96
14
3
58
233856

83
0
80
88
0

14
61
4
24
81984

88
33
62
0
0

34
97
16
17
897056

89
34
14
54
2287656

63
31
9
24
421848

72
33
53
36
4533408

9
53
39
86
1599858

75
28
5
56
588000

0
22
42
0
0

76
75
96
48
26265600

44
31
35
35
1670900

20
67
31
71
2949340

45
15
47
89
2823525

35
94
55
7
1266650

14
3
58
5
12180

0
80
88
44
0

61
4
24
44
257664

33
62
0
37
0

97
16
17
44
1160896

34
14
54
60
1542240

31
9
24
21
140616

33
53
36
58
3651912

95
56
29
51
7868280

28
5
56
19
148960

22
42
0
80
0

75
96
48
81
27993600

31
35
35
68
2582300

67
31
71
5
737335

15
47
89
94
5898030

94
55
7
47
1700930

3
58
5
69
60030

80
88
44
28
8673280

4
24
44
73
308352

62
0
37
92
0

16
17
44
13
155584

14
54
60
86
3900960

9
24
21
52
235872

53
36
58
17
1881288

56
29
51
77
6377448

92
85
54
4
1689120

42
0
80
4
0

96
48
81
52
19408896

35
35
68
8
666400

31
71
5
83
913415

47
89
94
97
38140594

55
7
47
35
633325

58
5
69
99
1980990

88
44
28
16
1734656

24
44
73
7
539616

0
37
92
97
0

17
44
13
57
554268

54
60
86
32
8916480

24
21
52
16
419328

36
58
17
26
922896

29
51
77
26
2960958

85
54
4
79
1450440

57
17
89
33
2845953

48
81
52
88
17791488

35
68
8
36
685440

71
5
83
68
2003620

89
94
97
87
70600674

7
47
35
57
656355

5
69
99
62
2117610

44
28
16
20
394240

44
73
7
72
1618848

37
92
97
3
990564

44
13
57
46
1499784

60
86
32
33
5448960

21
52
16
67
1170624

58
17
26
46
1179256

51
77
26
55
5615610

54
4
79
12
204768

17
89
33
32
1597728

58
55
27
63
5426190

68
8
36
4
78336

5
83
68
42
1185240

94
97
87
16
12692256

47
35
57
73
6844845

69
99
62
38
16093836

28
16
20
25
224000

73
7
72
39
1434888

92
97
3
11
294492

13
57
46
24
818064

86
32
33
94
8536704

52
16
67
72
4013568

17
26
46
18
365976

77
26
55
8
880880

4
79
12
46
174432

89
33
32
29
2725536

55
27
63
32
2993760

40
98
93
40
14582400

83
68
42
20
4740960

97
87
16
69
9316656

35
57
73
36
5242860

99
62
38
41
9563004

16
20
25
72
576000

7
72
39
30
589680

97
3
11
23
73623

57
46
24
88
5537664

32
33
94
34
3374976

16
67
72
62
4785408

26
46
18
99
2131272

26
55
8
69
789360

79
12
46
82
3575856

33
32
29
67
2051808

27
63
32
59
3211488

98
93
40
85
30987600

66
53
62
74
16048824

87
16
69
20
1920960

57
73
36
73
10935108

62
38
41
35
3380860

20
25
72
29
1044000

72
39
30
78
6570720

3
11
23
31
23529

46
24
88
90
8743680

33
94
34
1
105468

67
72
62
74
22132512

46
18
99
31
2541132

55
8
69
49
1487640

12
46
82
71
3213744

32
29
67
48
2984448

63
32
59
86
10229184

93
40
85
81
25612200

53
62
74
16
3890624

69
76
4
23
482448

73
36
73
1
191844

38
41
35
70
3817100

25
72
29
54
2818800

39
30
78
71
6479460

11
23
31
83
650969

24
88
90
51
9694080

94
34
1
54
172584

72
62
74
69
22793184

18
99
31
16
883872

8
69
49
92
2488416

46
82
71
33
8837796

29
67
48
48
4476672

32
59
86
61
9904448

40
85
81
43
11842200

62
74
16
52
3817216

76
4
23
1
6992

36
36
57
89
6574608

