8
49
81
52
1651104

2
49
49
70
336140

22
99
31
95
6414210

97
40
73
23
6514520

38
17
55
4
142120

15
81
79
60
5759100

0
18
14
11
0

40
57
29
42
2777040

0
60
93
69
0

75
87
71
24
11118600

4
17
40
68
184960

5
40
67
56
750400

7
98
53
1
36358

78
43
88
32
9444864

52
69
30
56
6027840

12
48
3
71
122688

50
4
49
37
362600

77
56
13
2
112112

91
62
36
36
7312032

8
0
65
91
0

49
81
52
22
4540536

49
49
70
31
5210170

99
31
95
16
4664880

40
73
23
71
4768360

17
55
4
51
190740

81
79
60
67
25723980

18
14
11
63
174636

57
29
42
89
6178914

60
93
69
41
15785820

87
71
24
92
13638816

17
40
68
36
1664640

40
67
56
54
8104320

98
53
1
22
114268

43
88
32
40
4843520

69
30
56
40
4636800

48
3
71
28
286272

4
49
37
66
478632

56
13
2
33
48048

62
36
36
13
1044576

0
65
91
80
0

81
52
22
24
2223936

49
70
31
47
4997510

31
95
16
32
1507840

73
23
71
60
7152540

55
4
51
99
1110780

79
60
67
3
952740

14
11
63
45
436590

29
42
89
2
216804

93
69
41
44
11576268

71
24
92
75
11757600

40
68
36
33
3231360

67
56
54
53
10738224

53
1
22
78
90948

88
32
40
36
4055040

30
56
40
84
5644800

3
71
28
20
119280

49
37
66
35
4188030

13
2
33
17
14586

36
36
13
12
202176

65
91
80
50
23660000

52
22
24
32
878592

70
31
47
98
9995020

95
16
32
81
3939840

23
71
60
28
2743440

4
51
99
64
1292544

60
67
3
23
277380

11
63
45
67
2089395

42
89
2
10
74760

69
41
44
26
3236376

24
92
75
38
6292800

68
36
33
40
3231360

56
54
53
67
10738224

1
22
78
59
101244

32
40
36
54
2488320

56
40
84
70
13171200

71
28
20
66
2624160

37
66
35
18
1538460

2
33
17
38
42636

36
13
12
64
359424

91
80
50
70
25480000

22
24
32
67
1132032

31
47
98
26
3712436

16
32
81
20
829440

71
60
28
68
8111040

51
99
64
2
646272

67
3
23
62
286626

63
45
67
12
2279340

89
2
10
20
35600

41
44
26
95
4455880

92
75
38
63
16518600

36
33
40
94
4466880

54
53
67
39
7478406

22
78
59
63
6378372

40
36
54
8
622080

40
84
70
40
9408000

28
20
66
91
3363360

66
35
18
66
2744280

33
17
38
49
1044582

13
12
64
94
938496

80
50
70
21
5880000

24
32
67
24
1234944

47
98
26
55
6586580

32
81
20
58
3006720

60
28
68
5
571200

99
64
2
66
836352

3
23
62
73
312294

45
67
12
99
3581820

2
10
20
26
10400

44
26
95
97
10541960

75
38
63
17
3052350

33
40
94
78
9678240

53
67
39
78
10802142

78
59
63
96
27832896

36
54
8
83
1290816

84
70
40
14
3292800

20
66
91
88
10570560

35
18
66
34
1413720

17
38
49
89
2817206

12
64
94
63
4548096

50
70
21
72
5292000

32
67
24
21
1080576

98
26
55
36
5045040

81
20
58
23
2161080

28
68
5
9
85680

64
2
66
75
633600

23
62
73
0
0

67
12
99
76
6049296

10
20
26
44
228800

26
95
97
20
4791800

38
63
17
45
1831410

40
94
78
35
10264800

67
39
78
14
2853396

59
63
96
0
0

54
8
83
61
2187216

70
40
14
33
1293600

66
91
88
97
51267216

18
66
34
34
1373328

38
49
89
31
5137258

64
94
63
33
12507264

70
21
72
95
10054800

67
24
21
78
2633904

26
55
36
17
875160

20
58
23
53
1414040

68
5
9
28
85680

2
66
75
22
217800

62
73
0
75
0

12
99
76
31
2798928

20
26
44
67
1532960

95
97
20
15
2764500

63
17
45
94
4530330

94
78
35
3
769860

39
78
14
80
3407040

63
96
0
4
0

8
83
61
62
2511248

40
14
33
16
295680

91
88
97
14
10874864

66
34
34
9
686664

49
89
31
53
7165123

94
63
33
56
10943856

21
72
95
92
13214880

24
21
78
16
628992

55
36
17
39
1312740

58
23
53
5
353510

5
9
28
42
52920

66
75
22
96
10454400

73
0
75
35
0

99
76
31
31
7230564

26
44
67
47
3602456

97
20
15
55
1600500

17
45
94
58
4170780

78
35
3
88
720720

78
14
80
24
2096640

96
0
4
0
0

83
61
62
17
5336402

14
33
16
54
399168

88
97
14
24
2868096

34
34
9
36
374544

89
31
53
29
4240583

63
33
56
85
9896040

72
95
92
57
35868960

21
78
16
86
2253888

36
17
39
56
1336608

23
53
5
0
0

9
28
42
48
508032

75
22
96
35
5544000

0
75
35
71
0

76
31
31
89
6500204

44
67
47
7
969892

20
15
55
5
82500

45
94
58
44
10794960

35
3
88
44
406560

14
80
24
37
994560

0
4
0
44
0

61
62
17
60
3857640

33
16
54
21
598752

97
14
24
58
1890336

34
9
36
51
561816

31
53
29
54
2572938

33
56
85
17
2670360

95
92
57
58
28894440

78
16
86
19
2039232

17
39
56
80
2970240

53
5
0
81
0

28
42
48
68
3838464

22
96
35
5
369600

75
35
71
94
17519250

31
31
89
47
4019863

67
47
7
69
1520967

15
55
5
28
115500

94
58
44
73
17511824

3
88
44
92
1068672

80
24
37
13
923520

4
0
44
86
0

62
17
60
52
3288480

16
54
21
17
308448

14
24
58
77
1500576

9
36
51
4
66096

53
29
54
89
7386822

56
85
17
55
4450600

92
57
58
40
12166080

16
86
19
4
104576

39
56
80
52
9085440

5
0
81
8
0

42
48
68
83
11378304

96
35
5
97
1629600

35
71
94
35
8175650

31
89
47
99
12837627

47
7
69
16
363216

55
5
28
7
53900

58
44
73
97
18070712

88
44
92
57
20304768

24
37
13
32
369408

0
44
86
16
0

17
60
52
26
1379040

54
21
17
26
501228

24
58
77
79
8467536

36
51
4
33
242352

29
54
89
27
3763098

85
17
55
98
7788550

57
58
40
66
8727840

86
19
4
88
575168

56
80
52
36
8386560

0
81
8
68
0

48
68
83
87
23569344

35
5
97
57
967575

71
94
35
62
14482580

89
47
99
20
8282340

7
69
16
72
556416

5
28
7
3
2940

44
73
97
46
14331944

44
92
57
33
7614288

37
13
32
67
1031264

44
86
16
46
2785024

60
52
26
55
4461600

21
17
26
12
111384

58
77
79
32
11290048

51
4
33
63
424116

54
89
27
93
12067866

17
55
98
53
4856390

58
40
66
69
10565280

19
4
88
4
26752

80
52
36
42
6289920

81
8
68
16
705024

68
83
87
73
35845044

5
97
57
38
1050510

94
35
62
25
5099500

47
99
20
39
3629340

69
16
72
11
874368

28
7
3
24
14112

73
97
46
94
30618244

92
57
33
72
12459744

13
32
67
18
501696

86
16
46
8
506368

52
26
55
46
3420560

17
26
12
29
153816

77
79
32
32
6228992

4
33
63
40
332640

89
27
93
62
13855698

55
98
53
76
21710920

40
66
69
36
6557760

4
88
4
20
28160

52
36
42
69
5425056

8
68
16
36
313344

83
87
73
41
21612453

97
57
38
72
15127344

35
62
25
30
1627500

99
20
39
23
1776060

16
72
11
88
1115136

7
3
24
34
17136

97
46
94
62
26004536

57
33
72
99
13407768

32
67
18
69
2662848

16
46
8
82
482816

26
55
46
67
4407260

26
12
29
59
533832

79
32
32
85
6876160

33
63
40
74
6153840

27
93
62
4
622728

98
53
76
36
14210784

66
69
36
16
2623104

88
4
20
20
140800

36
42
69
73
7615944

68
16
36
35
1370880

87
73
41
29
7551339

57
38
72
78
12164256

62
25
30
31
1441500

20
39
23
90
1614600

72
11
88
1
69696

3
24
34
74
181152

46
94
62
31
8310728

33
72
99
49
11525976

67
18
69
71
5908194

46
8
82
48
1448448

55
46
67
86
14577860

12
29
59
81
1663092

32
32
85
16
1392640

63
40
74
23
4289040

93
62
4
57
1314648

53
76
36
5
725040

69
36
16
54
2146176

4
20
20
1
1600

42
69
73
70
14808780

16
36
35
54
1088640

73
41
29
71
6162587

38
72
78
83
17712864

25
30
31
51
1185750

39
23
90
54
4359420

11
88
1
69
66792

24
34
74
16
966144

94
62
31
92
16621456

72
99
49
33
11525976

18
69
71
48
4232736

8
82
48
61
1920768

46
67
86
43
11397236

29
59
81
52
7206732

32
85
16
1
43520

40
74
23
89
6059120

62
4
57
19
268584

76
36
5
67
916560

36
16
54
48
1492992

